{
  "accessors": [
    {
      "bufferView": 2,
      "componentType": 5126,
      "count": 65532,
      "max": [
        9.655130386352539,
        1.6243877410888672,
        5.253413200378418
      ],
      "min": [
        -18.22011375427246,
        -18.77682876586914,
        -4.833573818206787
      ],
      "type": "VEC3"
    },
    {
      "bufferView": 2,
      "byteOffset": 786384,
      "componentType": 5126,
      "count": 65532,
      "max": [
        0.9999719262123108,
        0.9999222755432129,
        0.999999463558197
      ],
      "min": [
        -0.9998965263366699,
        -0.9999023675918579,
        -0.997107982635498
      ],
      "type": "VEC3"
    },
    {
      "bufferView": 1,
      "componentType": 5126,
      "count": 65532,
      "max": [
        0.997496485710144,
        0.9999803900718689
      ],
      "min": [
        2.30735008699412e-06,
        2.3832544684410095e-06
      ],
      "type": "VEC2"
    },
    {
      "bufferView": 0,
      "componentType": 5125,
      "count": 304197,
      "type": "SCALAR"
    },
    {
      "bufferView": 2,
      "byteOffset": 1572768,
      "componentType": 5126,
      "count": 8474,
      "max": [
        3.6842379570007324,
        0.2833137512207031,
        2.654759407043457
      ],
      "min": [
        -2.975147008895874,
        -14.56338119506836,
        -4.617210388183594
      ],
      "type": "VEC3"
    },
    {
      "bufferView": 2,
      "byteOffset": 1674456,
      "componentType": 5126,
      "count": 8474,
      "max": [
        0.999342679977417,
        0.9999592304229736,
        0.9999507069587708
      ],
      "min": [
        -0.9996708035469055,
        -0.9972487092018127,
        -0.9990540146827698
      ],
      "type": "VEC3"
    },
    {
      "bufferView": 1,
      "byteOffset": 524256,
      "componentType": 5126,
      "count": 8474,
      "max": [
        0.995846688747406,
        0.9999510049819946
      ],
      "min": [
        2.127140760421753e-05,
        6.538082379847765e-05
      ],
      "type": "VEC2"
    },
    {
      "bufferView": 0,
      "byteOffset": 1216788,
      "componentType": 5125,
      "count": 38163,
      "type": "SCALAR"
    },
    {
      "bufferView": 2,
      "byteOffset": 1776144,
      "componentType": 5126,
      "count": 65532,
      "max": [
        9.608207702636719,
        1.2374677658081055,
        5.271091461181641
      ],
      "min": [
        -17.1207332611084,
        -18.504066467285156,
        -4.920055866241455
      ],
      "type": "VEC3"
    },
    {
      "bufferView": 2,
      "byteOffset": 2562528,
      "componentType": 5126,
      "count": 65532,
      "max": [
        0.9996553063392639,
        0.999987781047821,
        0.9999986290931702
      ],
      "min": [
        -0.9999881982803345,
        -0.9994499087333679,
        -0.999251663684845
      ],
      "type": "VEC3"
    },
    {
      "bufferView": 1,
      "byteOffset": 592048,
      "componentType": 5126,
      "count": 65532,
      "max": [
        0.9999151229858398,
        0.999467134475708
      ],
      "min": [
        4.158177398494445e-05,
        6.880238652229309e-05
      ],
      "type": "VEC2"
    },
    {
      "bufferView": 0,
      "byteOffset": 1369440,
      "componentType": 5125,
      "count": 327960,
      "type": "SCALAR"
    },
    {
      "bufferView": 2,
      "byteOffset": 3348912,
      "componentType": 5126,
      "count": 3375,
      "max": [
        1.356475830078125,
        -9.12800121307373,
        4.178037166595459
      ],
      "min": [
        -11.799816131591797,
        -17.922475814819336,
        -1.1619704961776733
      ],
      "type": "VEC3"
    },
    {
      "bufferView": 2,
      "byteOffset": 3389412,
      "componentType": 5126,
      "count": 3375,
      "max": [
        0.9985100626945496,
        0.9995667338371277,
        0.9998337626457214
      ],
      "min": [
        -0.9999256134033203,
        -0.9874926805496216,
        -0.9925328493118286
      ],
      "type": "VEC3"
    },
    {
      "bufferView": 1,
      "byteOffset": 1116304,
      "componentType": 5126,
      "count": 3375,
      "max": [
        0.9997623562812805,
        0.9994154572486877
      ],
      "min": [
        6.206822581589222e-05,
        8.442997932434082e-05
      ],
      "type": "VEC2"
    },
    {
      "bufferView": 0,
      "byteOffset": 2681280,
      "componentType": 5125,
      "count": 13149,
      "type": "SCALAR"
    },
    {
      "bufferView": 2,
      "byteOffset": 3429912,
      "componentType": 5126,
      "count": 65532,
      "max": [
        10.151626586914063,
        1.6248254776000977,
        5.344706058502197
      ],
      "min": [
        -17.419082641601563,
        -18.6613712310791,
        -4.848539352416992
      ],
      "type": "VEC3"
    },
    {
      "bufferView": 2,
      "byteOffset": 4216296,
      "componentType": 5126,
      "count": 65532,
      "max": [
        0.9999956488609314,
        0.9999988079071045,
        0.9999963045120239
      ],
      "min": [
        -0.9999538064002991,
        -0.9999162554740906,
        -0.999765157699585
      ],
      "type": "VEC3"
    },
    {
      "bufferView": 1,
      "byteOffset": 1143304,
      "componentType": 5126,
      "count": 65532,
      "max": [
        0.9999933838844299,
        0.9999363422393799
      ],
      "min": [
        7.357394497375935e-05,
        2.4065375328063965e-05
      ],
      "type": "VEC2"
    },
    {
      "bufferView": 0,
      "byteOffset": 2733876,
      "componentType": 5125,
      "count": 309459,
      "type": "SCALAR"
    },
    {
      "bufferView": 2,
      "byteOffset": 5002680,
      "componentType": 5126,
      "count": 10564,
      "max": [
        3.7203102111816406,
        -1.719834804534912,
        3.362727642059326
      ],
      "min": [
        -6.59433650970459,
        -16.104629516601563,
        -4.455752849578857
      ],
      "type": "VEC3"
    },
    {
      "bufferView": 2,
      "byteOffset": 5129448,
      "componentType": 5126,
      "count": 10564,
      "max": [
        0.9997009634971619,
        0.9999902844429016,
        0.999972403049469
      ],
      "min": [
        -0.9999086260795593,
        -0.9996110796928406,
        -0.9971018433570862
      ],
      "type": "VEC3"
    },
    {
      "bufferView": 1,
      "byteOffset": 1667560,
      "componentType": 5126,
      "count": 10564,
      "max": [
        0.9999781847000122,
        0.9990113377571106
      ],
      "min": [
        0.01380358450114727,
        0.00013321731239557266
      ],
      "type": "VEC2"
    },
    {
      "bufferView": 0,
      "byteOffset": 3971712,
      "componentType": 5125,
      "count": 42081,
      "type": "SCALAR"
    },
    {
      "bufferView": 2,
      "byteOffset": 5256216,
      "componentType": 5126,
      "count": 65532,
      "max": [
        9.982977867126465,
        0.8880634307861328,
        4.282939910888672
      ],
      "min": [
        -19.387592315673828,
        -17.04340171813965,
        -4.916163921356201
      ],
      "type": "VEC3"
    },
    {
      "bufferView": 2,
      "byteOffset": 6042600,
      "componentType": 5126,
      "count": 65532,
      "max": [
        0.9999323487281799,
        0.9999639391899109,
        0.9999937415122986
      ],
      "min": [
        -0.9999122023582458,
        -0.9989661574363708,
        -0.9993500113487244
      ],
      "type": "VEC3"
    },
    {
      "bufferView": 1,
      "byteOffset": 1752072,
      "componentType": 5126,
      "count": 65532,
      "max": [
        0.9993106722831726,
        0.9999813437461853
      ],
      "min": [
        0.00010930141434073448,
        0.00016983970999717712
      ],
      "type": "VEC2"
    },
    {
      "bufferView": 0,
      "byteOffset": 4140036,
      "componentType": 5125,
      "count": 325014,
      "type": "SCALAR"
    },
    {
      "bufferView": 2,
      "byteOffset": 6828984,
      "componentType": 5126,
      "count": 6913,
      "max": [
        -2.986517906188965,
        -6.265698432922363,
        5.291137218475342
      ],
      "min": [
        -15.789090156555176,
        -18.67573356628418,
        -2.1780292987823486
      ],
      "type": "VEC3"
    },
    {
      "bufferView": 2,
      "byteOffset": 6911940,
      "componentType": 5126,
      "count": 6913,
      "max": [
        0.998657763004303,
        0.9998407363891602,
        0.9998708367347717
      ],
      "min": [
        -0.999668300151825,
        -0.9999982714653015,
        -0.9965170621871948
      ],
      "type": "VEC3"
    },
    {
      "bufferView": 1,
      "byteOffset": 2276328,
      "componentType": 5126,
      "count": 6913,
      "max": [
        0.9993733167648315,
        0.9999620914459229
      ],
      "min": [
        5.153397432877682e-05,
        0.0011163437739014626
      ],
      "type": "VEC2"
    },
    {
      "bufferView": 0,
      "byteOffset": 5440092,
      "componentType": 5125,
      "count": 29067,
      "type": "SCALAR"
    }
  ],
  "asset": {
    "extras": {
      "author": "Timo Korkalainen (https://sketchfab.com/timokorkalainen)",
      "license": "CC-BY-4.0 (http://creativecommons.org/licenses/by/4.0/)",
      "source": "https://sketchfab.com/3d-models/ahvenisto-race-circuit-rallycross-track-20f5d0c0c1e24f4fbea45270f333988c",
      "title": "Ahvenisto Race Circuit rallycross track"
    },
    "generator": "Sketchfab-15.30.0",
    "version": "2.0"
  },
  "bufferViews": [
    {
      "buffer": 0,
      "byteLength": 5556360,
      "name": "floatBufferViews",
      "target": 34963
    },
    {
      "buffer": 0,
      "byteLength": 2331632,
      "byteOffset": 5556360,
      "byteStride": 8,
      "name": "floatBufferViews",
      "target": 34962
    },
    {
      "buffer": 0,
      "byteLength": 6994896,
      "byteOffset": 7887992,
      "byteStride": 12,
      "name": "floatBufferViews",
      "target": 34962
    }
  ],
  "buffers": [
    {
      "byteLength": 14882888,
      "uri": "scene.bin"
    }
  ],
  "extensionsUsed": [
    "KHR_materials_unlit"
  ],
  "images": [
    {
      "uri": "textures/material0_baseColor.jpeg"
    },
    {
      "uri": "textures/material2_baseColor.jpeg"
    },
    {
      "uri": "textures/material3_baseColor.jpeg"
    },
    {
      "uri": "textures/material1_baseColor.jpeg"
    }
  ],
  "materials": [
    {
      "doubleSided": true,
      "extensions": {
        "KHR_materials_unlit": {}
      },
      "name": "material0",
      "pbrMetallicRoughness": {
        "baseColorTexture": {
          "index": 0
        },
        "metallicFactor": 0.0
      }
    },
    {
      "doubleSided": true,
      "extensions": {
        "KHR_materials_unlit": {}
      },
      "name": "material2",
      "pbrMetallicRoughness": {
        "baseColorTexture": {
          "index": 1
        },
        "metallicFactor": 0.0
      }
    },
    {
      "doubleSided": true,
      "extensions": {
        "KHR_materials_unlit": {}
      },
      "name": "material3",
      "pbrMetallicRoughness": {
        "baseColorTexture": {
          "index": 2
        },
        "metallicFactor": 0.0
      }
    },
    {
      "doubleSided": true,
      "extensions": {
        "KHR_materials_unlit": {}
      },
      "name": "material1",
      "pbrMetallicRoughness": {
        "baseColorTexture": {
          "index": 3
        },
        "metallicFactor": 0.0
      }
    }
  ],
  "meshes": [
    {
      "name": "Model_material0_0",
      "primitives": [
        {
          "attributes": {
            "NORMAL": 1,
            "POSITION": 0,
            "TEXCOORD_0": 2
          },
          "indices": 3,
          "material": 0,
          "mode": 4
        }
      ]
    },
    {
      "name": "Model_material0_0",
      "primitives": [
        {
          "attributes": {
            "NORMAL": 5,
            "POSITION": 4,
            "TEXCOORD_0": 6
          },
          "indices": 7,
          "material": 0,
          "mode": 4
        }
      ]
    },
    {
      "name": "Model_material2_0",
      "primitives": [
        {
          "attributes": {
            "NORMAL": 9,
            "POSITION": 8,
            "TEXCOORD_0": 10
          },
          "indices": 11,
          "material": 1,
          "mode": 4
        }
      ]
    },
    {
      "name": "Model_material2_0",
      "primitives": [
        {
          "attributes": {
            "NORMAL": 13,
            "POSITION": 12,
            "TEXCOORD_0": 14
          },
          "indices": 15,
          "material": 1,
          "mode": 4
        }
      ]
    },
    {
      "name": "Model_material3_0",
      "primitives": [
        {
          "attributes": {
            "NORMAL": 17,
            "POSITION": 16,
            "TEXCOORD_0": 18
          },
          "indices": 19,
          "material": 2,
          "mode": 4
        }
      ]
    },
    {
      "name": "Model_material3_0",
      "primitives": [
        {
          "attributes": {
            "NORMAL": 21,
            "POSITION": 20,
            "TEXCOORD_0": 22
          },
          "indices": 23,
          "material": 2,
          "mode": 4
        }
      ]
    },
    {
      "name": "Model_material1_0",
      "primitives": [
        {
          "attributes": {
            "NORMAL": 25,
            "POSITION": 24,
            "TEXCOORD_0": 26
          },
          "indices": 27,
          "material": 3,
          "mode": 4
        }
      ]
    },
    {
      "name": "Model_material1_0",
      "primitives": [
        {
          "attributes": {
            "NORMAL": 29,
            "POSITION": 28,
            "TEXCOORD_0": 30
          },
          "indices": 31,
          "material": 3,
          "mode": 4
        }
      ]
    }
  ],
  "nodes": [
    {
      "children": [
        1
      ],
      "matrix": [
        0.9999663233757019,
        -0.008208077400922775,
        0.00015559641178697166,
        0.0,
        -0.003584817051887512,
        -0.4195203185081484,
        0.9077388644218444,
        0.0,
        -0.00738551514223218,
        -0.9077088236808776,
        -0.4195356070995333,
        0.0,
        0.0,
        0.0,
        0.0,
        1.0
      ],
      "name": "Sketchfab_model"
    },
    {
      "children": [
        2
      ],
      "matrix": [
        1.0,
        0.0,
        0.0,
        0.0,
        0.0,
        -1.0,
        0.0,
        0.0,
        0.0,
        0.0,
        -1.0,
        0.0,
        0.0,
        0.0,
        0.0,
        1.0
      ],
      "name": "ahvenisto_500k.fbx"
    },
    {
      "children": [
        3,
        12,
        14,
        16,
        18,
        20,
        22,
        24,
        26,
        28,
        30,
        32,
        34,
        36,
        38,
        40,
        42,
        44,
        46,
        48,
        50,
        52,
        54,
        56,
        58,
        60,
        62,
        64,
        66,
        68,
        70,
        72,
        74,
        76,
        78,
        80,
        82,
        84,
        86,
        88,
        90,
        92,
        94,
        96,
        98,
        100,
        102,
        104,
        106,
        108,
        110,
        112,
        114,
        116,
        118,
        120,
        122,
        124,
        126,
        128,
        130,
        132,
        134,
        136,
        138,
        140,
        142,
        144,
        146,
        148,
        150,
        152,
        154,
        156,
        158,
        160,
        162,
        164,
        166,
        168,
        170,
        172,
        174,
        176,
        178,
        180,
        182,
        184,
        186,
        188,
        190,
        192,
        194,
        196,
        198,
        200,
        202,
        204,
        206,
        208,
        210,
        212,
        214,
        216,
        218,
        220,
        222,
        224,
        226,
        228,
        230,
        232,
        234,
        236,
        238,
        240,
        242,
        244,
        246,
        248,
        250,
        252,
        254,
        256,
        258,
        260,
        262,
        264,
        266,
        268,
        270,
        272,
        274,
        276,
        278,
        280,
        282,
        284,
        286,
        288,
        290,
        292,
        294,
        296,
        298,
        300,
        302,
        304,
        306,
        308,
        310,
        312,
        314,
        316,
        318,
        320,
        322,
        324,
        326,
        328,
        330,
        332,
        334,
        336,
        338,
        340,
        342,
        344,
        346,
        348,
        350,
        352,
        354,
        356,
        358,
        360,
        362,
        364,
        366,
        368,
        370,
        372,
        374,
        376,
        378,
        380,
        382,
        384,
        386,
        388,
        390,
        392,
        394,
        396,
        398,
        400,
        402,
        404,
        406,
        408,
        410,
        412,
        414,
        416,
        418,
        420,
        422,
        424,
        426,
        428,
        430,
        432,
        434,
        436,
        438,
        440,
        442,
        444,
        446,
        448,
        450,
        452,
        454,
        456,
        458,
        460,
        462,
        464,
        466,
        468,
        470,
        472,
        474,
        476,
        478,
        480,
        482,
        484,
        486,
        488,
        490,
        492,
        494,
        496,
        498,
        500,
        502,
        504,
        506,
        508,
        510,
        512,
        514,
        516,
        518,
        520,
        522,
        524,
        526,
        528,
        530,
        532,
        534,
        536,
        538,
        540,
        542,
        544,
        546,
        548,
        550,
        552,
        554,
        556,
        558,
        560,
        562,
        564,
        566,
        568,
        570,
        572,
        574,
        576,
        578,
        580,
        582,
        584,
        586,
        588,
        590,
        592,
        594,
        596,
        598,
        600,
        602,
        604,
        606,
        608,
        610,
        612,
        614,
        616,
        618,
        620,
        622,
        624,
        626,
        628,
        630,
        632,
        634,
        636,
        638,
        640,
        642,
        644,
        646,
        648,
        650,
        652,
        654,
        656,
        658,
        660,
        662,
        664,
        666,
        668,
        670,
        672,
        674,
        676,
        678,
        680,
        682,
        684,
        686,
        688,
        690,
        692,
        694,
        696,
        698,
        700,
        702,
        704,
        706,
        708,
        710,
        712,
        714,
        716,
        718,
        720,
        722,
        724,
        726,
        728,
        730,
        732,
        734,
        736,
        738,
        740,
        742,
        744,
        746,
        748,
        750,
        752,
        754,
        756,
        758,
        760,
        762,
        764,
        766,
        768,
        770,
        772,
        774,
        776,
        778,
        780,
        782,
        784,
        786,
        788,
        790,
        792,
        794,
        796,
        798,
        800,
        802,
        804,
        806,
        808,
        810,
        812,
        814,
        816,
        818,
        820,
        822,
        824,
        826,
        828,
        830,
        832,
        834,
        836,
        838,
        840,
        842,
        844,
        846,
        848,
        850,
        852,
        854,
        856,
        858,
        860,
        862,
        864,
        866,
        868,
        870,
        872,
        874,
        876,
        878,
        880,
        882,
        884,
        886,
        888,
        890,
        892,
        894,
        896,
        898,
        900,
        902,
        904,
        906,
        908,
        910,
        912,
        914,
        916,
        918,
        920,
        922,
        924,
        926,
        928,
        930,
        932,
        934,
        936,
        938,
        940,
        942,
        944,
        946,
        948,
        950,
        952,
        954,
        956,
        958,
        960,
        962,
        964,
        966,
        968,
        970,
        972,
        974,
        976
      ],
      "name": "RootNode"
    },
    {
      "children": [
        4,
        5,
        6,
        7,
        8,
        9,
        10,
        11
      ],
      "name": "Model"
    },
    {
      "mesh": 0,
      "name": "Model_material0_0"
    },
    {
      "mesh": 1,
      "name": "Model_material0_0"
    },
    {
      "mesh": 2,
      "name": "Model_material2_0"
    },
    {
      "mesh": 3,
      "name": "Model_material2_0"
    },
    {
      "mesh": 4,
      "name": "Model_material3_0"
    },
    {
      "mesh": 5,
      "name": "Model_material3_0"
    },
    {
      "mesh": 6,
      "name": "Model_material1_0"
    },
    {
      "mesh": 7,
      "name": "Model_material1_0"
    },
    {
      "children": [
        13
      ],
      "matrix": [
        -0.43642514304124425,
        -0.4166275556314723,
        -0.7974676008528332,
        0.0,
        -0.8979092655081748,
        0.1451554437987943,
        0.41555847729308204,
        0.0,
        -0.05737634909960082,
        0.8974137156429689,
        -0.4374432277906255,
        0.0,
        -13.480514526367188,
        -17.56419563293457,
        8.33013916015625,
        1.0
      ],
      "name": "DJI_0110"
    },
    {
      "name": "Object_13"
    },
    {
      "children": [
        15
      ],
      "matrix": [
        -0.4362756872859994,
        -0.42006257941221636,
        -0.7957455334845962,
        0.0,
        -0.8976561029535328,
        0.14198416481977283,
        0.4171978161144999,
        0.0,
        -0.06226592578132534,
        0.8963190984900339,
        -0.43901597712225415,
        0.0,
        -13.988393783569336,
        -17.490190505981445,
        8.312366485595703,
        1.0
      ],
      "name": "DJI_0111"
    },
    {
      "name": "Object_15"
    },
    {
      "children": [
        17
      ],
      "matrix": [
        0.43500046424709404,
        -0.34444858209162565,
        -0.8319433697072663,
        0.0,
        0.8980315154331742,
        0.2333567015950878,
        0.37293973656538365,
        0.0,
        0.06568099720321952,
        -0.9093403235949287,
        0.41083595569358455,
        0.0,
        -14.64864444732666,
        -15.719230651855469,
        7.426412105560303,
        1.0
      ],
      "name": "DJI_0112"
    },
    {
      "name": "Object_17"
    },
    {
      "children": [
        19
      ],
      "matrix": [
        0.436609827187885,
        -0.3491973243933136,
        -0.8291158468148563,
        0.0,
        0.8977894432640898,
        0.22837384566984553,
        0.3765893017300432,
        0.0,
        0.05784439788364204,
        -0.9087940444625044,
        0.41321593674852664,
        0.0,
        -13.744494438171387,
        -15.674586296081543,
        7.415006160736084,
        1.0
      ],
      "name": "DJI_0113"
    },
    {
      "name": "Object_19"
    },
    {
      "children": [
        21
      ],
      "matrix": [
        0.43700401598000416,
        -0.352862797757728,
        -0.8273544198080633,
        0.0,
        0.897778608159607,
        0.2273279049939707,
        0.3772473914317386,
        0.0,
        0.05496417695506117,
        -0.9076397245436326,
        0.4161358788689239,
        0.0,
        -12.764071464538574,
        -15.635187149047852,
        7.3994951248168945,
        1.0
      ],
      "name": "DJI_0114"
    },
    {
      "name": "Object_21"
    },
    {
      "children": [
        23
      ],
      "matrix": [
        0.4365171934785169,
        -0.3548495333053149,
        -0.8267614822369503,
        0.0,
        0.8980351365811682,
        0.22765851479159793,
        0.3764365738189188,
        0.0,
        0.054640948594269156,
        -0.9067818973468118,
        0.4180442050559181,
        0.0,
        -11.739569664001465,
        -15.595365524291992,
        7.380958080291748,
        1.0
      ],
      "name": "DJI_0115"
    },
    {
      "name": "Object_23"
    },
    {
      "children": [
        25
      ],
      "matrix": [
        0.43639135154045317,
        -0.3552617990944884,
        -0.8266508588302827,
        0.0,
        0.8980371121425734,
        0.2287551326395072,
        0.37576646272080827,
        0.0,
        0.05560515727271753,
        -0.906344384544434,
        0.4188650416177597,
        0.0,
        -10.751042366027832,
        -15.55970573425293,
        7.361225605010986,
        1.0
      ],
      "name": "DJI_0116"
    },
    {
      "name": "Object_25"
    },
    {
      "children": [
        27
      ],
      "matrix": [
        0.4346657744539959,
        -0.35323645817032245,
        -0.8284260191094882,
        0.0,
        0.8987524247945986,
        0.22890122176330518,
        0.3739629789178277,
        0.0,
        0.057530369754916655,
        -0.9070988012860298,
        0.41696765013764603,
        0.0,
        -9.76143741607666,
        -15.516942024230957,
        7.353156566619873,
        1.0
      ],
      "name": "DJI_0117"
    },
    {
      "name": "Object_27"
    },
    {
      "children": [
        29
      ],
      "matrix": [
        0.4339431866215341,
        -0.3532901939200452,
        -0.8287818468479419,
        0.0,
        0.899030210025646,
        0.22967237543974206,
        0.37282070948528206,
        0.0,
        0.05863439473543919,
        -0.9068829245496925,
        0.41728331971719834,
        0.0,
        -8.73090934753418,
        -15.445215225219727,
        7.33018684387207,
        1.0
      ],
      "name": "DJI_0118"
    },
    {
      "name": "Object_29"
    },
    {
      "children": [
        31
      ],
      "matrix": [
        -0.4413323808709988,
        -0.42295561052809594,
        -0.7914128386105077,
        0.0,
        -0.8965416878804554,
        0.170552533911968,
        0.4088090447490996,
        0.0,
        -0.03793061411577753,
        0.8899552711788458,
        -0.45446769281631827,
        0.0,
        -4.731050968170166,
        -13.437378883361816,
        6.309576511383057,
        1.0
      ],
      "name": "DJI_0119"
    },
    {
      "name": "Object_31"
    },
    {
      "children": [
        33
      ],
      "matrix": [
        -0.44126157107451336,
        -0.4254097539733819,
        -0.7901359168631426,
        0.0,
        -0.896234011874923,
        0.1644613636939768,
        0.411967299443169,
        0.0,
        -0.045308077110294,
        0.8899320204803421,
        -0.4538371702189492,
        0.0,
        -5.466244220733643,
        -13.459981918334961,
        6.347970008850098,
        1.0
      ],
      "name": "DJI_0120"
    },
    {
      "name": "Object_33"
    },
    {
      "children": [
        35
      ],
      "matrix": [
        -0.4424539890186061,
        -0.4265546283385634,
        -0.788850820272422,
        0.0,
        -0.8954033315263706,
        0.1612062550473765,
        0.4150486925953103,
        0.0,
        -0.049873254285231094,
        0.8899796022249893,
        -0.45326478589280494,
        0.0,
        -6.441701889038086,
        -13.491297721862793,
        6.361119747161865,
        1.0
      ],
      "name": "DJI_0121"
    },
    {
      "name": "Object_35"
    },
    {
      "children": [
        37
      ],
      "matrix": [
        -0.44377040571622994,
        -0.42556854366009694,
        -0.7886439257722566,
        0.0,
        -0.894660191826707,
        0.15983140410503305,
        0.41717749630392764,
        0.0,
        -0.051487553554742715,
        0.8906993527048495,
        -0.45166768195223983,
        0.0,
        -7.450319290161133,
        -13.524271965026855,
        6.378026008605957,
        1.0
      ],
      "name": "DJI_0122"
    },
    {
      "name": "Object_37"
    },
    {
      "children": [
        39
      ],
      "matrix": [
        -0.44219273218371047,
        -0.4242051539776356,
        -0.7902629783450037,
        0.0,
        -0.8954691066758463,
        0.15870368947717217,
        0.41587043407231417,
        0.0,
        -0.050996731199821455,
        0.8915509667344564,
        -0.45004022833718915,
        0.0,
        -8.475709915161133,
        -13.554437637329102,
        6.409306049346924,
        1.0
      ],
      "name": "DJI_0123"
    },
    {
      "name": "Object_39"
    },
    {
      "children": [
        41
      ],
      "matrix": [
        -0.43915098479738024,
        -0.42303840188265884,
        -0.7925811775988989,
        0.0,
        -0.8970556770140646,
        0.15799142015345313,
        0.41271033848782257,
        0.0,
        -0.04937129619859343,
        0.8922315964425722,
        -0.4488710877537221,
        0.0,
        -9.49930191040039,
        -13.595587730407715,
        6.424969673156738,
        1.0
      ],
      "name": "DJI_0124"
    },
    {
      "name": "Object_41"
    },
    {
      "children": [
        43
      ],
      "matrix": [
        -0.43894099144673726,
        -0.4220245631753451,
        -0.7932377160123028,
        0.0,
        -0.8972528045546172,
        0.15908232395493416,
        0.4118618930223714,
        0.0,
        -0.04762573617939575,
        0.8925178330329073,
        -0.4484904758984456,
        0.0,
        -10.509635925292969,
        -13.638870239257813,
        6.442928314208984,
        1.0
      ],
      "name": "DJI_0125"
    },
    {
      "name": "Object_43"
    },
    {
      "children": [
        45
      ],
      "matrix": [
        -0.4378407619733149,
        -0.4211300818113114,
        -0.7943204147875247,
        0.0,
        -0.8979058625593123,
        0.16022156296117396,
        0.4099928203565229,
        0.0,
        -0.04539305162956758,
        0.8927365260567515,
        -0.44828670056993536,
        0.0,
        -11.516162872314453,
        -13.682586669921875,
        6.462233066558838,
        1.0
      ],
      "name": "DJI_0126"
    },
    {
      "name": "Object_45"
    },
    {
      "children": [
        47
      ],
      "matrix": [
        -0.43761656094206813,
        -0.42113977638573696,
        -0.7944388172383123,
        0.0,
        -0.8981498722176249,
        0.16283227849893622,
        0.40842680631210876,
        0.0,
        -0.042644491141307916,
        0.8922594565621684,
        -0.4495047380736743,
        0.0,
        -12.518109321594238,
        -13.716439247131348,
        6.473568439483643,
        1.0
      ],
      "name": "DJI_0127"
    },
    {
      "name": "Object_47"
    },
    {
      "children": [
        49
      ],
      "matrix": [
        -0.43798115201362586,
        -0.41926540383833744,
        -0.7952289177495326,
        0.0,
        -0.8980942104051108,
        0.1647113118804301,
        0.40779525864758187,
        0.0,
        -0.03999124551245753,
        0.8927971241457398,
        -0.44868028193743803,
        0.0,
        -13.545601844787598,
        -13.74277400970459,
        6.499466896057129,
        1.0
      ],
      "name": "DJI_0128"
    },
    {
      "name": "Object_49"
    },
    {
      "children": [
        51
      ],
      "matrix": [
        -0.4384271836622877,
        -0.4175188182125859,
        -0.7959017785281806,
        0.0,
        -0.8979848995897179,
        0.16656413733433773,
        0.407283081238237,
        0.0,
        -0.03747965761315758,
        0.8932717529354849,
        -0.44795183968007923,
        0.0,
        -14.551600456237793,
        -13.770332336425781,
        6.5243635177612305,
        1.0
      ],
      "name": "DJI_0129"
    },
    {
      "name": "Object_51"
    },
    {
      "children": [
        53
      ],
      "matrix": [
        -0.43603969074956894,
        -0.4169165772377851,
        -0.797527401231676,
        0.0,
        -0.8992508205800268,
        0.16749688685637665,
        0.4040949821261961,
        0.0,
        -0.034890539938055354,
        0.8933786210324,
        -0.4479478649408646,
        0.0,
        -15.569962501525879,
        -13.801600456237793,
        6.5466461181640625,
        1.0
      ],
      "name": "DJI_0130"
    },
    {
      "name": "Object_53"
    },
    {
      "children": [
        55
      ],
      "matrix": [
        -0.4429874121303867,
        -0.4168490100418988,
        -0.7937247983533788,
        0.0,
        -0.8956277958363993,
        0.16610369135510117,
        0.4126262413412923,
        0.0,
        -0.04016222129384772,
        0.8936702224787947,
        -0.4469234044391117,
        0.0,
        -16.436962127685547,
        -13.75182056427002,
        6.516761779785156,
        1.0
      ],
      "name": "DJI_0131"
    },
    {
      "name": "Object_55"
    },
    {
      "children": [
        57
      ],
      "matrix": [
        0.43821346994845134,
        -0.33869496784583963,
        -0.8326191647515948,
        0.0,
        0.8953097029423244,
        0.2468378396107226,
        0.37079862021539134,
        0.0,
        0.07993428909463429,
        -0.9079409670745212,
        0.41140455726051284,
        0.0,
        -16.839752197265625,
        -11.958054542541504,
        5.658677101135254,
        1.0
      ],
      "name": "DJI_0132"
    },
    {
      "name": "Object_57"
    },
    {
      "children": [
        59
      ],
      "matrix": [
        0.4409894258530467,
        -0.34289235206034896,
        -0.8294294190492173,
        0.0,
        0.8946239173720124,
        0.24201849505534279,
        0.3755996465880949,
        0.0,
        0.07194701350129123,
        -0.9076628685528945,
        0.41348729641740667,
        0.0,
        -15.902963638305664,
        -11.916714668273926,
        5.6589674949646,
        1.0
      ],
      "name": "DJI_0133"
    },
    {
      "name": "Object_59"
    },
    {
      "children": [
        61
      ],
      "matrix": [
        0.44061757991163275,
        -0.34621014660172034,
        -0.8282479596490602,
        0.0,
        0.8950730918991011,
        0.23989858562427313,
        0.3758893836937359,
        0.0,
        0.06855879543136095,
        -0.9069659326598153,
        0.4155869205876337,
        0.0,
        -14.906612396240234,
        -11.886423110961914,
        5.6254472732543945,
        1.0
      ],
      "name": "DJI_0134"
    },
    {
      "name": "Object_61"
    },
    {
      "children": [
        63
      ],
      "matrix": [
        0.43882386663437845,
        -0.34734659601284024,
        -0.8287242945095469,
        0.0,
        0.8960633620578097,
        0.2380371069620132,
        0.3747116049534761,
        0.0,
        0.06711233306708997,
        -0.907021872915669,
        0.41570092230213307,
        0.0,
        -13.912044525146484,
        -11.846595764160156,
        5.619749546051025,
        1.0
      ],
      "name": "DJI_0135"
    },
    {
      "name": "Object_63"
    },
    {
      "children": [
        65
      ],
      "matrix": [
        0.4370800581823089,
        -0.3480679280752314,
        -0.8293429569151503,
        0.0,
        0.8969739915319488,
        0.23667887081696048,
        0.3733909085985515,
        0.0,
        0.06632255464465081,
        -0.9071007824680916,
        0.41565549339709595,
        0.0,
        -12.894882202148438,
        -11.814851760864258,
        5.605339527130127,
        1.0
      ],
      "name": "DJI_0136"
    },
    {
      "name": "Object_65"
    },
    {
      "children": [
        67
      ],
      "matrix": [
        0.43536513733592774,
        -0.3493170314498859,
        -0.8297197169716459,
        0.0,
        0.8978503725973368,
        0.2357832928880671,
        0.37184801629386655,
        0.0,
        0.06574120183942761,
        -0.9068538197162207,
        0.4162862525316062,
        0.0,
        -11.87204647064209,
        -11.773458480834961,
        5.59523344039917,
        1.0
      ],
      "name": "DJI_0137"
    },
    {
      "name": "Object_67"
    },
    {
      "children": [
        69
      ],
      "matrix": [
        0.4353777038771409,
        -0.3507518926776125,
        -0.8291075712775401,
        0.0,
        0.8979417423765494,
        0.2350751006176215,
        0.37207569709318755,
        0.0,
        0.06439629076612197,
        -0.9064837598394622,
        0.4173012231983958,
        0.0,
        -10.855972290039063,
        -11.728750228881836,
        5.585373401641846,
        1.0
      ],
      "name": "DJI_0138"
    },
    {
      "name": "Object_69"
    },
    {
      "children": [
        71
      ],
      "matrix": [
        0.43558165176858754,
        -0.35125201159429675,
        -0.8287886636492496,
        0.0,
        0.8979404904414876,
        0.23401383064068781,
        0.3727471028654313,
        0.0,
        0.06301984027470864,
        -0.9065646978676325,
        0.4173355344467071,
        0.0,
        -9.824078559875488,
        -11.689111709594727,
        5.565223693847656,
        1.0
      ],
      "name": "DJI_0139"
    },
    {
      "name": "Object_71"
    },
    {
      "children": [
        73
      ],
      "matrix": [
        0.43555307033467416,
        -0.3521526736734812,
        -0.8284214008260874,
        0.0,
        0.8981040594908392,
        0.23221339738578917,
        0.3734782944169911,
        0.0,
        0.060849168014965316,
        -0.9066782408876747,
        0.41741100399093245,
        0.0,
        -8.817588806152344,
        -11.656949996948242,
        5.5382537841796875,
        1.0
      ],
      "name": "DJI_0140"
    },
    {
      "name": "Object_73"
    },
    {
      "children": [
        75
      ],
      "matrix": [
        0.4351126536892701,
        -0.3524267702185525,
        -0.8285362697147307,
        0.0,
        0.8984191291581592,
        0.23057943126132874,
        0.37373278454250825,
        0.0,
        0.05932998366910308,
        -0.9069886975660291,
        0.41695498021405397,
        0.0,
        -7.806209564208984,
        -11.629441261291504,
        5.5081706047058105,
        1.0
      ],
      "name": "DJI_0141"
    },
    {
      "name": "Object_75"
    },
    {
      "children": [
        77
      ],
      "matrix": [
        0.4346363783695423,
        -0.35303370345989693,
        -0.8285278648417311,
        0.0,
        0.8987670148381561,
        0.2287888745712745,
        0.3739966629681599,
        0.0,
        0.05752453073878844,
        -0.9072060709088092,
        0.4167350156508125,
        0.0,
        -6.770578861236572,
        -11.605277061462402,
        5.469409942626953,
        1.0
      ],
      "name": "DJI_0142"
    },
    {
      "name": "Object_77"
    },
    {
      "children": [
        79
      ],
      "matrix": [
        0.4350355985848894,
        -0.35299391163953603,
        -0.828335274094558,
        0.0,
        0.8986340236842649,
        0.2280166166367339,
        0.37478702487488125,
        0.0,
        0.05657666869757422,
        -0.9074159580274948,
        0.4164076844585469,
        0.0,
        -5.786212921142578,
        -11.577021598815918,
        5.440196514129639,
        1.0
      ],
      "name": "DJI_0143"
    },
    {
      "name": "Object_79"
    },
    {
      "children": [
        81
      ],
      "matrix": [
        0.43547152697663083,
